Step Approximation of Pi

-------------------------

 1)        4.000000
 2)        2.666667
 3)        3.466667
 4)        2.895238
 5)        3.339683
 6)        2.976046
 7)        3.283738
 8)        3.017072
 9)        3.252366
10)        3.041840
11)        3.232316
12)        3.058403
13)        3.218403
14)        3.070255
15)        3.208186
16)        3.079153
17)        3.200366
18)        3.086080
19)        3.194188
20)        3.091624
21)        3.189185
22)        3.096162
23)        3.185050
24)        3.099944
25)        3.181577
26)        3.103145
27)        3.178617
28)        3.105890
29)        3.176065
30)        3.108269

It would take 10001 steps to approximate pi so that the absolute error is less than 0.0001